$ANSIBLE_VAULT;1.1;AES256
35383637633231633061663037396663666433616236303461303239623962366563303235363231
3064356534396335663165613233653436393561323261660a353138633566376634656465393465
36373161376331306136303932356264393136643665363561303532333134633532633963386666
3161313831313833370a346263663939313665303431306533663035386563396437333037656266
66653334616134353438663130353762376363666465353834393665663732663465333433326131
38313834353964376262383636663332373435323561363462396636333235316139366563633830
61393362613263326435613330653065343532323666376261663339626635303863366231656666
36386463313235303531346131363366356132306134626433366133346564333334353936626334
66363061613836396339626339313133353866663533656538373638323866653135336434316330
35326339396162333134663165326636366230616130386663633937623766333531396239383730
64363838336566373633326537303232656361373466633332626539336230336235313266663434
32326363646138663239396664376132313765613662363234393337663165346633643561333332
62356564393161313333366662336161373330666663653832316339666431333133636463646531
65626462663438303536386532633861353432636366383437356266653233653061303736633964
62353766356664313866383534663466363565623535336639393163633462333634366331646238
33303939343936313838303939633133623664333562623235313833303338613663393636313230
64646466336566313534383061396232613961323765366235336238306431383136363261636536
30333361303862623635363033613864646466383234646232366265626266313231383339643133
34323033633231383461623734306262306436653331623362343930313238383238633866643831
65373332336162303765616237366466316135313935316365633362613765316133363534643062
62383530373533626133666339643261383961363131646434643836373735616361373036363935
63366139666162373962343538366231663836386465376233636561643137343666333463656633
62393962626562666137623663633464313934663233656235313562386536323933633966313336
64643431313663303032646538323765666362363832363166393562383665326630636134313335
63656565363364643666636535393930633730393531626538623335323064333639306236653439
31363331643164393065386130646265306635316336656662373061386539393865653932373633
64323933363864383134646536383330666132353231316635653436623532333564346235393138
64373463306135386636323631373835363263326637303661313234373831623431316131643566
38323830303239626161633730633731316462643235363763653034616334373731376332353539
61643637316637323666646532356633653534613333323563623864353535316537393462653338
34323535386438623262633034613330326237636138363734633237313961353065386436393335
62393636643233313035363138633735363139663130633937343431363236396233373563643037
37343734333163613733323932336135636237383461316132363133623761366161343866366539
65656135653335633861363132316165333932303534666338613262316231303735363637643337
63616461623166383334633731333763313431323430323363363531306665393066303232343134
31303030306561353761653837643932346236633135396261626432613835623135613339303533
35623239366132636163393732386338613835353838666337663939303763636533623065333662
36356137343537396461303239393639623263653430303739656335633937353763313433343631
35306139343430666663613630383234626134363130616161383262336535323338653337623131
65636134303466323336616433363535636139303562376363653466373465396461336531666338
34306563343364383533316365643162306163656530373738353364626639313865376433373536
37633836386166623436613065653165343961353031393130303536363437323235386634636361
36386337656537626634313336333066633431356464303635396530656238373230343564346632
39623132623634356262386332393430636564313535633936646238333837363065623135313537
63336464636231353064313430363832303564663166343161326136336364653366396261313435
35303335363039303832346364643963396137333939626430323737646430356135646639626662
36373435633539303132363339333335336335656237616334353130303631303435393832636632
34656264363064646237376130646136653337653237373236376333336330363434366361653539
30633734663564343339633438333839623736383362623664356331636362373433313931626437
65623937306437306162636538643139303432303463616265616637666165353235316165383963
30616165303432383938383537323065363138636435643932656464366636306639353639653765
39323937376132613131316332373161316265316435303433643633316563353031396334646236
64396530353935663633376138363063613239643732643166343633333534643739333633363233
66363865333564313161383336346565663065613866326239636334386666646538353461303239
39316437353161383938653661336234653033626364306133346432383434653330366534616461
61663837613362313336386463383935373238383335613831616636313365626664633032663433
39323532633765343936613837326632626262623638313333383539376166653836326339623165
36313062613064333238623436386165363133653638356330323838626235636539363932666239
33396661323763303030653733643031616666383763373337643663383038313732663530393737
62373732363761633563663639376663306232353865306261316339393832326262316138613734
39653339653533313564393936303938353237633066656264303433613361393138333534346639
64396261313137666139663065373936373565613634396530356337306432346665356439623962
64356266353239376139346531363037383763343834393664363063646634313562336336393431
38383834656165333662353835383966336537656439333936613235326664343439373737343566
62613837313136396161376632633961376237376237303365326439346563373930633731323164
37303633343934343530343563666532306630613036393830623865313162663636313136326639
30613633663063313961323433393732343463363137636562316666396631666436613532333639
66613030636632303233393862303961653734306630396130386632303662653937666362643831
66393731363064633364313637613230363061313665363565666535303935653338663432323535
61353365663634626231356465613537306231393931306236396634303932366430616438643564
34613763323238363238306233613437393430643937643336313830303936393436396139383238
61383038306536643662663835643065656561303564333762396363646363343164313062643033
30646565393436373562646236646662633266313536613862343936356231336433663362336364
66353336343562313434376437336665376639323866656461333866353035323064303563346336
66363236643038386233626135643263303166333734663936333230656231386431386231646338
63633263326232393033383637353032386331383334663135653664623130643935646539326337
61313865346633323631346130393034616161343734303065313639353461313935656663393834
32666136306535336338653537363731363961663565313063356663656262326637396630376166
63376337626230646337303964383264343466623631306164353865613562353735303064366435
62313330376138613530393632386333643135613432613037343566313862653265363531306264
63666633613461646235666630386638353832656163663033616366386137323430383336336531
35306230306237393039323431323530643432633334326463313263396266343538363231616234
31386534663161376361616564386334633839306435643136383462303063663739616663366164
33383131313231396534333164623632656161636235303535366539333762636263346131663630
62366131613066363439376163313533643832636662663662343565633538663863623563323233
38373263303466636538353261356237613531663963393234333735356539643831663732303464
37313762613832623166636237343738646634383963363064326665643730353865393961376639
64316466313230366164333534656637656331363738336636333636303761343130613934373638
31333366383137653533613331303534396466333566326361366533313962633930623833383532
37396235653337636566626265356234333235306636303263373863303139643636663538343737
64326661623765663965613365646233383933616635373336366565373838393564363838333634
63356130613034323331383263663233636332346538626230383064313937633630316466323832
33353666303638303963303666346365306237383837653164373639663035613432333562386266
35363735633366656638356333626166363261323835653534363762366430636338396430663234
65383862333539323239393766303739373334363161646632376631356263336132336263376135
38316436333163633433396132613933396436636635333964333161643466343233313565356136
38363138386530623335633466393333383735373037376562303561626539616239656538613066
65383666346137633935633465376633373862353865383836623762643330656434343237393736
64353461313038386438343833313330623138303639353461623530633831376665336536323733
30303261633631653234343530353537323435623261623164383365666135393436646164623534
65323265316234373437313738323065653232663965323031333538303837663836373930613933
32363563666231323733623665613034663637323030653037633564343765333230363232653235
39386465653862346438653365353631303834323636653362356164373138616537393330373236
32343633346363663062343866613237353732653139386337393436383061346435646536393034
64663131653135316630313364396531323733303162653337663063653235313861346263323337
61303763643731353061613232383238663036636230363931323764623565303933383430643762
32616235343661353866323862623930646636666161343331383764346163363334396436356236
31353964613661363664306439663266313162336162666531333238613634393333613039643232
34613332303063353636393437653464343264636635366162373636646538393439353163376164
63346339643232313961306238616266636539346561636262646165653236646339613639613732
32646630336331393936343532383937383530646234343736656638356236366437306232343033
63336461633532663163303664386562646562306232363535383763343531616435626335363837
31326166656365303961316163666165386363376332393438373036336365633362316532363431
62356139383262356335303663653462343139333265636639323637613863386433353462336664
64623862663435626139623461386564623266333664306165376637323238303639363664643732
63333765386361646231353464303436383139313530333035656539626435393630393063623165
35363336303263366363623937323765613565356630363566666332393061316162663838323532
32653037343230393263383637323264353164626334303334366663396538613566643962376536
30316236613131353765663164616239303839303138363139633438643232653539653262353433
34646330326137326637383239653862313133376133653539396163643936303032653338343339
62646137353363303933663930373265363765323864643464626563303362646332313462323038
33613739363439636464396433613864663632633164343634306637376661396633323032643264
64616234663064343638373761336334326161653366616135363634663432336562363333636139
35636663613433376136646666323132353662643738643165313864343835323864303863666663
38333238646235613466333963633836636634336439313038366632336537336461663261666332
31306366653838303966656633663832666636636535353830386464663537373736373130313336
36653165396231343030633661393336653063333931373639383439336536333634636532333432
62303330323538393634323836376463616130383232373265306436353866646364373561646466
39643339623537383431633263383765616633386135633536306638333464626162323435313031
32653036333562323366393839623836306166663434313832306361626438323337303937336132
64613162626238346463356630363033623562373166346530383637663634306236313566363832
64613130626334323430356363656332363866333066336335633165316563653361613139373061
39623736353730653036343634303235666531393935313435356564393462613963303135626635
33353665303330633832366362353261353465386564313862313933373561303037393934613932
306265336261333831396466666436376332
